merged_key,ieee_key,acm_key,match_type,score,isbn,ieee_file,acm_file
,7739688,10.1145/3756580.3756611,TITLE,88,1943-6106,ieee_scraped_20251026_122614.bib,acm_completo_20251026_125433.bib
,8709361,10.1145/3756580.3756611,TITLE,100,9780262353410,ieee_scraped_20251026_122614.bib,acm_pagina_2_20251026_130722.bib
,4958823,,UNMATCHED_IEEE,0,,ieee_scraped_20251026_122614.bib,
,9526726,,UNMATCHED_IEEE,0,,ieee_scraped_20251026_122614.bib,
,5673139,,UNMATCHED_IEEE,0,2377-634x,ieee_scraped_20251026_122614.bib,
,10663178,,UNMATCHED_IEEE,0,,ieee_scraped_20251026_122614.bib,
,9990631,,UNMATCHED_IEEE,0,2770-4807,ieee_scraped_20251026_122614.bib,
,10505497,,UNMATCHED_IEEE,0,2474-3828,ieee_scraped_20251026_122614.bib,
,8005431,,UNMATCHED_IEEE,0,,ieee_scraped_20251026_122614.bib,
,10496944,,UNMATCHED_IEEE,0,,ieee_scraped_20251026_122614.bib,
,6883021,,UNMATCHED_IEEE,0,1943-6106,ieee_scraped_20251026_122614.bib,
,6685067,,UNMATCHED_IEEE,0,2377-634x,ieee_scraped_20251026_122614.bib,
,10159750,,UNMATCHED_IEEE,0,2623-8764,ieee_scraped_20251026_122614.bib,
,9973092,,UNMATCHED_IEEE,0,,ieee_scraped_20251026_122614.bib,
,11092227,,UNMATCHED_IEEE,0,,ieee_scraped_20251026_122614.bib,
,6268116,,UNMATCHED_IEEE,0,2161-377x,ieee_scraped_20251026_122614.bib,
,9645630,,UNMATCHED_IEEE,0,,ieee_scraped_20251026_122614.bib,
,9071265,,UNMATCHED_IEEE,0,,ieee_scraped_20251026_122614.bib,
,8964889,,UNMATCHED_IEEE,0,2474-3828,ieee_scraped_20251026_122614.bib,
,6926430,,UNMATCHED_IEEE,0,,ieee_scraped_20251026_122614.bib,
,10664997,,UNMATCHED_IEEE,0,2473-7623,ieee_scraped_20251026_122614.bib,
,10027412,,UNMATCHED_IEEE,0,,ieee_scraped_20251026_122614.bib,
,9066359,,UNMATCHED_IEEE,0,,ieee_scraped_20251026_122614.bib,
,9684795,,UNMATCHED_IEEE,0,2051-1329,ieee_scraped_20251026_122614.bib,
,9247066,,UNMATCHED_IEEE,0,,ieee_scraped_20251026_122614.bib,
,5228288,,UNMATCHED_IEEE,0,,ieee_scraped_20251026_122614.bib,
,10748139,,UNMATCHED_IEEE,0,,ieee_scraped_20251026_122614.bib,
,9766703,,UNMATCHED_IEEE,0,2165-9567,ieee_scraped_20251026_122614.bib,
,8131700,,UNMATCHED_IEEE,0,1368-9894,ieee_scraped_20251026_122614.bib,
,7739692,,UNMATCHED_IEEE,0,1943-6106,ieee_scraped_20251026_122614.bib,
,11092056,,UNMATCHED_IEEE,0,,ieee_scraped_20251026_122614.bib,
,9728803,,UNMATCHED_IEEE,0,1738-9445,ieee_scraped_20251026_122614.bib,
,10892914,,UNMATCHED_IEEE,0,2377-634x,ieee_scraped_20251026_122614.bib,
,10685695,,UNMATCHED_IEEE,0,2766-2144,ieee_scraped_20251026_122614.bib,
,8853613,,UNMATCHED_IEEE,0,,ieee_scraped_20251026_122614.bib,
,5881653,,UNMATCHED_IEEE,0,,ieee_scraped_20251026_122614.bib,
,8995066,,UNMATCHED_IEEE,0,,ieee_scraped_20251026_122614.bib,
,8494172,,UNMATCHED_IEEE,0,,ieee_scraped_20251026_122614.bib,
,8709358,,UNMATCHED_IEEE,0,9780262353410,ieee_scraped_20251026_122614.bib,
,11092264,,UNMATCHED_IEEE,0,,ieee_scraped_20251026_122614.bib,
,9272097,,UNMATCHED_IEEE,0,,ieee_scraped_20251026_122614.bib,
,9603471,,UNMATCHED_IEEE,0,,ieee_scraped_20251026_122614.bib,
,6756334,,UNMATCHED_IEEE,0,,ieee_scraped_20251026_122614.bib,
,6813968,,UNMATCHED_IEEE,0,1558-1756,ieee_scraped_20251026_122614.bib,
,7369019,,UNMATCHED_IEEE,0,,ieee_scraped_20251026_122614.bib,
,8567181,,UNMATCHED_IEEE,0,,ieee_scraped_20251026_122614.bib,
,10361088,,UNMATCHED_IEEE,0,2766-2144,ieee_scraped_20251026_122614.bib,
,6778575,,UNMATCHED_IEEE,0,,ieee_scraped_20251026_122614.bib,
,9028503,,UNMATCHED_IEEE,0,2377-634x,ieee_scraped_20251026_122614.bib,
,11092078,,UNMATCHED_IEEE,0,,ieee_scraped_20251026_122614.bib,
,9477758,,UNMATCHED_IEEE,0,,ieee_scraped_20251026_122614.bib,
,8467140,,UNMATCHED_IEEE,0,,ieee_scraped_20251026_122614.bib,
,11158007,,UNMATCHED_IEEE,0,,ieee_scraped_20251026_122614.bib,
,9534576,,UNMATCHED_IEEE,0,,ieee_scraped_20251026_122614.bib,
,8308511,,UNMATCHED_IEEE,0,,ieee_scraped_20251026_122614.bib,
,5169480,,UNMATCHED_IEEE,0,2155-1812,ieee_scraped_20251026_122614.bib,
,11019799,,UNMATCHED_IEEE,0,,ieee_scraped_20251026_122614.bib,
,7557641,,UNMATCHED_IEEE,0,,ieee_scraped_20251026_122614.bib,
,8693273,,UNMATCHED_IEEE,0,,ieee_scraped_20251026_122614.bib,
,7193021,,UNMATCHED_IEEE,0,,ieee_scraped_20251026_122614.bib,
,10530940,,UNMATCHED_IEEE,0,1557-9638,ieee_scraped_20251026_122614.bib,
,10260990,,UNMATCHED_IEEE,0,2161-377x,ieee_scraped_20251026_122614.bib,
,6028861,,UNMATCHED_IEEE,0,,ieee_scraped_20251026_122614.bib,
,10125117,,UNMATCHED_IEEE,0,2165-9567,ieee_scraped_20251026_122614.bib,
,11075441,,UNMATCHED_IEEE,0,,ieee_scraped_20251026_122614.bib,
,9678854,,UNMATCHED_IEEE,0,2470-6698,ieee_scraped_20251026_122614.bib,
,10496968,,UNMATCHED_IEEE,0,,ieee_scraped_20251026_122614.bib,
,9694003,,UNMATCHED_IEEE,0,2166-0549,ieee_scraped_20251026_122614.bib,
,8995162,,UNMATCHED_IEEE,0,,ieee_scraped_20251026_122614.bib,
,9588856,,UNMATCHED_IEEE,0,,ieee_scraped_20251026_122614.bib,
,5280664,,UNMATCHED_IEEE,0,1558-0814,ieee_scraped_20251026_122614.bib,
,9583648,,UNMATCHED_IEEE,0,,ieee_scraped_20251026_122614.bib,
,9320732,,UNMATCHED_IEEE,0,2166-0549,ieee_scraped_20251026_122614.bib,
,8709357,,UNMATCHED_IEEE,0,9780262353410,ieee_scraped_20251026_122614.bib,
,11193626,,UNMATCHED_IEEE,0,,ieee_scraped_20251026_122614.bib,
,10685684,,UNMATCHED_IEEE,0,2766-2144,ieee_scraped_20251026_122614.bib,
,5974984,,UNMATCHED_IEEE,0,,ieee_scraped_20251026_122614.bib,
,7119929,,UNMATCHED_IEEE,0,,ieee_scraped_20251026_122614.bib,
,9725213,,UNMATCHED_IEEE,0,,ieee_scraped_20251026_122614.bib,
,8615232,,UNMATCHED_IEEE,0,2470-6698,ieee_scraped_20251026_122614.bib,
,10086259,,UNMATCHED_IEEE,0,2474-3828,ieee_scraped_20251026_122614.bib,
,8938909,,UNMATCHED_IEEE,0,,ieee_scraped_20251026_122614.bib,
,9790858,,UNMATCHED_IEEE,0,1939-1382,ieee_scraped_20251026_122614.bib,
,11147338,,UNMATCHED_IEEE,0,2473-7623,ieee_scraped_20251026_122614.bib,
,9225879,,UNMATCHED_IEEE,0,2470-6698,ieee_scraped_20251026_122614.bib,
,10541025,,UNMATCHED_IEEE,0,,ieee_scraped_20251026_122614.bib,
,9546563,,UNMATCHED_IEEE,0,2766-2144,ieee_scraped_20251026_122614.bib,
,9020189,,UNMATCHED_IEEE,0,2169-3536,ieee_scraped_20251026_122614.bib,
,9799068,,UNMATCHED_IEEE,0,,ieee_scraped_20251026_122614.bib,
,10645865,,UNMATCHED_IEEE,0,2161-377x,ieee_scraped_20251026_122614.bib,
,10487449,,UNMATCHED_IEEE,0,,ieee_scraped_20251026_122614.bib,
,9627365,,UNMATCHED_IEEE,0,,ieee_scraped_20251026_122614.bib,
,10261600,,UNMATCHED_IEEE,0,,ieee_scraped_20251026_122614.bib,
,7126261,,UNMATCHED_IEEE,0,,ieee_scraped_20251026_122614.bib,
,9332734,,UNMATCHED_IEEE,0,,ieee_scraped_20251026_122614.bib,
,10812249,,UNMATCHED_IEEE,0,2837-5246,ieee_scraped_20251026_122614.bib,
,8626930,,UNMATCHED_IEEE,0,,ieee_scraped_20251026_122614.bib,
,11092099,,UNMATCHED_IEEE,0,,ieee_scraped_20251026_122614.bib,
,7357215,,UNMATCHED_IEEE,0,,ieee_scraped_20251026_122614.bib,
,11092066,,UNMATCHED_IEEE,0,,ieee_scraped_20251026_122614.bib,
,4958823,,UNMATCHED_IEEE,0,,ieee_scraped_20251026_123709.bib,
,9526726,,UNMATCHED_IEEE,0,,ieee_scraped_20251026_123709.bib,
,5673139,,UNMATCHED_IEEE,0,2377-634x,ieee_scraped_20251026_123709.bib,
,10663178,,UNMATCHED_IEEE,0,,ieee_scraped_20251026_123709.bib,
,9990631,,UNMATCHED_IEEE,0,2770-4807,ieee_scraped_20251026_123709.bib,
,10505497,,UNMATCHED_IEEE,0,2474-3828,ieee_scraped_20251026_123709.bib,
,8005431,,UNMATCHED_IEEE,0,,ieee_scraped_20251026_123709.bib,
,10496944,,UNMATCHED_IEEE,0,,ieee_scraped_20251026_123709.bib,
,6883021,,UNMATCHED_IEEE,0,1943-6106,ieee_scraped_20251026_123709.bib,
,6685067,,UNMATCHED_IEEE,0,2377-634x,ieee_scraped_20251026_123709.bib,
,10159750,,UNMATCHED_IEEE,0,2623-8764,ieee_scraped_20251026_123709.bib,
,9973092,,UNMATCHED_IEEE,0,,ieee_scraped_20251026_123709.bib,
,11092227,,UNMATCHED_IEEE,0,,ieee_scraped_20251026_123709.bib,
,6268116,,UNMATCHED_IEEE,0,2161-377x,ieee_scraped_20251026_123709.bib,
,9645630,,UNMATCHED_IEEE,0,,ieee_scraped_20251026_123709.bib,
,9071265,,UNMATCHED_IEEE,0,,ieee_scraped_20251026_123709.bib,
,8964889,,UNMATCHED_IEEE,0,2474-3828,ieee_scraped_20251026_123709.bib,
,6926430,,UNMATCHED_IEEE,0,,ieee_scraped_20251026_123709.bib,
,7739688,,UNMATCHED_IEEE,0,1943-6106,ieee_scraped_20251026_123709.bib,
,10664997,,UNMATCHED_IEEE,0,2473-7623,ieee_scraped_20251026_123709.bib,
,10027412,,UNMATCHED_IEEE,0,,ieee_scraped_20251026_123709.bib,
,9066359,,UNMATCHED_IEEE,0,,ieee_scraped_20251026_123709.bib,
,9684795,,UNMATCHED_IEEE,0,2051-1329,ieee_scraped_20251026_123709.bib,
,9247066,,UNMATCHED_IEEE,0,,ieee_scraped_20251026_123709.bib,
,5228288,,UNMATCHED_IEEE,0,,ieee_scraped_20251026_123709.bib,
,10748139,,UNMATCHED_IEEE,0,,ieee_scraped_20251026_123709.bib,
,9766703,,UNMATCHED_IEEE,0,2165-9567,ieee_scraped_20251026_123709.bib,
,8131700,,UNMATCHED_IEEE,0,1368-9894,ieee_scraped_20251026_123709.bib,
,7739692,,UNMATCHED_IEEE,0,1943-6106,ieee_scraped_20251026_123709.bib,
,11092056,,UNMATCHED_IEEE,0,,ieee_scraped_20251026_123709.bib,
,9728803,,UNMATCHED_IEEE,0,1738-9445,ieee_scraped_20251026_123709.bib,
,10892914,,UNMATCHED_IEEE,0,2377-634x,ieee_scraped_20251026_123709.bib,
,10685695,,UNMATCHED_IEEE,0,2766-2144,ieee_scraped_20251026_123709.bib,
,8853613,,UNMATCHED_IEEE,0,,ieee_scraped_20251026_123709.bib,
,5881653,,UNMATCHED_IEEE,0,,ieee_scraped_20251026_123709.bib,
,8995066,,UNMATCHED_IEEE,0,,ieee_scraped_20251026_123709.bib,
,8494172,,UNMATCHED_IEEE,0,,ieee_scraped_20251026_123709.bib,
,8709358,,UNMATCHED_IEEE,0,9780262353410,ieee_scraped_20251026_123709.bib,
,11092264,,UNMATCHED_IEEE,0,,ieee_scraped_20251026_123709.bib,
,9272097,,UNMATCHED_IEEE,0,,ieee_scraped_20251026_123709.bib,
,9603471,,UNMATCHED_IEEE,0,,ieee_scraped_20251026_123709.bib,
,6756334,,UNMATCHED_IEEE,0,,ieee_scraped_20251026_123709.bib,
,6813968,,UNMATCHED_IEEE,0,1558-1756,ieee_scraped_20251026_123709.bib,
,7369019,,UNMATCHED_IEEE,0,,ieee_scraped_20251026_123709.bib,
,8567181,,UNMATCHED_IEEE,0,,ieee_scraped_20251026_123709.bib,
,10361088,,UNMATCHED_IEEE,0,2766-2144,ieee_scraped_20251026_123709.bib,
,6778575,,UNMATCHED_IEEE,0,,ieee_scraped_20251026_123709.bib,
,9028503,,UNMATCHED_IEEE,0,2377-634x,ieee_scraped_20251026_123709.bib,
,11092078,,UNMATCHED_IEEE,0,,ieee_scraped_20251026_123709.bib,
,9477758,,UNMATCHED_IEEE,0,,ieee_scraped_20251026_123709.bib,
,8467140,,UNMATCHED_IEEE,0,,ieee_scraped_20251026_123709.bib,
,11158007,,UNMATCHED_IEEE,0,,ieee_scraped_20251026_123709.bib,
,9534576,,UNMATCHED_IEEE,0,,ieee_scraped_20251026_123709.bib,
,8308511,,UNMATCHED_IEEE,0,,ieee_scraped_20251026_123709.bib,
,5169480,,UNMATCHED_IEEE,0,2155-1812,ieee_scraped_20251026_123709.bib,
,11019799,,UNMATCHED_IEEE,0,,ieee_scraped_20251026_123709.bib,
,7557641,,UNMATCHED_IEEE,0,,ieee_scraped_20251026_123709.bib,
,8693273,,UNMATCHED_IEEE,0,,ieee_scraped_20251026_123709.bib,
,7193021,,UNMATCHED_IEEE,0,,ieee_scraped_20251026_123709.bib,
,10530940,,UNMATCHED_IEEE,0,1557-9638,ieee_scraped_20251026_123709.bib,
,10260990,,UNMATCHED_IEEE,0,2161-377x,ieee_scraped_20251026_123709.bib,
,6028861,,UNMATCHED_IEEE,0,,ieee_scraped_20251026_123709.bib,
,10125117,,UNMATCHED_IEEE,0,2165-9567,ieee_scraped_20251026_123709.bib,
,11075441,,UNMATCHED_IEEE,0,,ieee_scraped_20251026_123709.bib,
,9678854,,UNMATCHED_IEEE,0,2470-6698,ieee_scraped_20251026_123709.bib,
,10496968,,UNMATCHED_IEEE,0,,ieee_scraped_20251026_123709.bib,
,9694003,,UNMATCHED_IEEE,0,2166-0549,ieee_scraped_20251026_123709.bib,
,8995162,,UNMATCHED_IEEE,0,,ieee_scraped_20251026_123709.bib,
,9588856,,UNMATCHED_IEEE,0,,ieee_scraped_20251026_123709.bib,
,5280664,,UNMATCHED_IEEE,0,1558-0814,ieee_scraped_20251026_123709.bib,
,9583648,,UNMATCHED_IEEE,0,,ieee_scraped_20251026_123709.bib,
,9320732,,UNMATCHED_IEEE,0,2166-0549,ieee_scraped_20251026_123709.bib,
,8709357,,UNMATCHED_IEEE,0,9780262353410,ieee_scraped_20251026_123709.bib,
,11193626,,UNMATCHED_IEEE,0,,ieee_scraped_20251026_123709.bib,
,10685684,,UNMATCHED_IEEE,0,2766-2144,ieee_scraped_20251026_123709.bib,
,5974984,,UNMATCHED_IEEE,0,,ieee_scraped_20251026_123709.bib,
,7119929,,UNMATCHED_IEEE,0,,ieee_scraped_20251026_123709.bib,
,9725213,,UNMATCHED_IEEE,0,,ieee_scraped_20251026_123709.bib,
,8615232,,UNMATCHED_IEEE,0,2470-6698,ieee_scraped_20251026_123709.bib,
,10086259,,UNMATCHED_IEEE,0,2474-3828,ieee_scraped_20251026_123709.bib,
,8938909,,UNMATCHED_IEEE,0,,ieee_scraped_20251026_123709.bib,
,9790858,,UNMATCHED_IEEE,0,1939-1382,ieee_scraped_20251026_123709.bib,
,11147338,,UNMATCHED_IEEE,0,2473-7623,ieee_scraped_20251026_123709.bib,
,9225879,,UNMATCHED_IEEE,0,2470-6698,ieee_scraped_20251026_123709.bib,
,10541025,,UNMATCHED_IEEE,0,,ieee_scraped_20251026_123709.bib,
,9546563,,UNMATCHED_IEEE,0,2766-2144,ieee_scraped_20251026_123709.bib,
,8709361,,UNMATCHED_IEEE,0,9780262353410,ieee_scraped_20251026_123709.bib,
,9020189,,UNMATCHED_IEEE,0,2169-3536,ieee_scraped_20251026_123709.bib,
,9799068,,UNMATCHED_IEEE,0,,ieee_scraped_20251026_123709.bib,
,10645865,,UNMATCHED_IEEE,0,2161-377x,ieee_scraped_20251026_123709.bib,
,10487449,,UNMATCHED_IEEE,0,,ieee_scraped_20251026_123709.bib,
,9627365,,UNMATCHED_IEEE,0,,ieee_scraped_20251026_123709.bib,
,10261600,,UNMATCHED_IEEE,0,,ieee_scraped_20251026_123709.bib,
,7126261,,UNMATCHED_IEEE,0,,ieee_scraped_20251026_123709.bib,
,9332734,,UNMATCHED_IEEE,0,,ieee_scraped_20251026_123709.bib,
,10812249,,UNMATCHED_IEEE,0,2837-5246,ieee_scraped_20251026_123709.bib,
,8626930,,UNMATCHED_IEEE,0,,ieee_scraped_20251026_123709.bib,
,11092099,,UNMATCHED_IEEE,0,,ieee_scraped_20251026_123709.bib,
,7357215,,UNMATCHED_IEEE,0,,ieee_scraped_20251026_123709.bib,
,11092066,,UNMATCHED_IEEE,0,,ieee_scraped_20251026_123709.bib,
,9690630,,UNMATCHED_IEEE,0,,ieee_scraped_20251026_123813.bib,
,9155698,,UNMATCHED_IEEE,0,2161-377x,ieee_scraped_20251026_123813.bib,
,8753395,,UNMATCHED_IEEE,0,2475-1057,ieee_scraped_20251026_123813.bib,
,10213395,,UNMATCHED_IEEE,0,1557-9638,ieee_scraped_20251026_123813.bib,
,8845505,,UNMATCHED_IEEE,0,2473-9464,ieee_scraped_20251026_123813.bib,
,9759837,,UNMATCHED_IEEE,0,,ieee_scraped_20251026_123813.bib,
,7904960,,UNMATCHED_IEEE,0,,ieee_scraped_20251026_123813.bib,
,7044489,,UNMATCHED_IEEE,0,2377-634x,ieee_scraped_20251026_123813.bib,
,10261627,,UNMATCHED_IEEE,0,,ieee_scraped_20251026_123813.bib,
,10469197,,UNMATCHED_IEEE,0,,ieee_scraped_20251026_123813.bib,
,9744486,,UNMATCHED_IEEE,0,1939-1382,ieee_scraped_20251026_123813.bib,
,8190654,,UNMATCHED_IEEE,0,,ieee_scraped_20251026_123813.bib,
,8947875,,UNMATCHED_IEEE,0,,ieee_scraped_20251026_123813.bib,
,10261572,,UNMATCHED_IEEE,0,,ieee_scraped_20251026_123813.bib,
,5169335,,UNMATCHED_IEEE,0,,ieee_scraped_20251026_123813.bib,
,8405132,,UNMATCHED_IEEE,0,,ieee_scraped_20251026_123813.bib,
,8493700,,UNMATCHED_IEEE,0,,ieee_scraped_20251026_123813.bib,
,8756712,,UNMATCHED_IEEE,0,2623-8764,ieee_scraped_20251026_123813.bib,
,9657230,,UNMATCHED_IEEE,0,,ieee_scraped_20251026_123813.bib,
,11158692,,UNMATCHED_IEEE,0,,ieee_scraped_20251026_123813.bib,
,8964976,,UNMATCHED_IEEE,0,2474-3828,ieee_scraped_20251026_123813.bib,
,10216563,,UNMATCHED_IEEE,0,2769-5654,ieee_scraped_20251026_123813.bib,
,8290008,,UNMATCHED_IEEE,0,2157-362x,ieee_scraped_20251026_123813.bib,
,6295420,,UNMATCHED_IEEE,0,,ieee_scraped_20251026_123813.bib,
,8725202,,UNMATCHED_IEEE,0,2165-9567,ieee_scraped_20251026_123813.bib,
,8363311,,UNMATCHED_IEEE,0,2165-9567,ieee_scraped_20251026_123813.bib,
,11108869,,UNMATCHED_IEEE,0,,ieee_scraped_20251026_123813.bib,
,8560947,,UNMATCHED_IEEE,0,,ieee_scraped_20251026_123813.bib,
,10842752,,UNMATCHED_IEEE,0,,ieee_scraped_20251026_123813.bib,
,10054368,,UNMATCHED_IEEE,0,2169-3536,ieee_scraped_20251026_123813.bib,
,8120413,,UNMATCHED_IEEE,0,,ieee_scraped_20251026_123813.bib,
,10361064,,UNMATCHED_IEEE,0,2766-2144,ieee_scraped_20251026_123813.bib,
,9985593,,UNMATCHED_IEEE,0,,ieee_scraped_20251026_123813.bib,
,11092204,,UNMATCHED_IEEE,0,,ieee_scraped_20251026_123813.bib,
,8599435,,UNMATCHED_IEEE,0,,ieee_scraped_20251026_123813.bib,
,8001741,,UNMATCHED_IEEE,0,2161-377x,ieee_scraped_20251026_123813.bib,
,8943727,,UNMATCHED_IEEE,0,,ieee_scraped_20251026_123813.bib,
,7429178,,UNMATCHED_IEEE,0,,ieee_scraped_20251026_123813.bib,
,9742585,,UNMATCHED_IEEE,0,,ieee_scraped_20251026_123813.bib,
,10505486,,UNMATCHED_IEEE,0,2474-3828,ieee_scraped_20251026_123813.bib,
,10893039,,UNMATCHED_IEEE,0,2377-634x,ieee_scraped_20251026_123813.bib,
,10975898,,UNMATCHED_IEEE,0,,ieee_scraped_20251026_123813.bib,
,6022208,,UNMATCHED_IEEE,0,2157-9563,ieee_scraped_20251026_123813.bib,
,10968634,,UNMATCHED_IEEE,0,,ieee_scraped_20251026_123813.bib,
,10630739,,UNMATCHED_IEEE,0,,ieee_scraped_20251026_123813.bib,
,9066434,,UNMATCHED_IEEE,0,,ieee_scraped_20251026_123813.bib,
,8252305,,UNMATCHED_IEEE,0,2470-6698,ieee_scraped_20251026_123813.bib,
,9213068,,UNMATCHED_IEEE,0,2375-141x,ieee_scraped_20251026_123813.bib,
,10143932,,UNMATCHED_IEEE,0,,ieee_scraped_20251026_123813.bib,
,9477642,,UNMATCHED_IEEE,0,,ieee_scraped_20251026_123813.bib,
,5673382,,UNMATCHED_IEEE,0,2377-634x,ieee_scraped_20251026_123813.bib,
,5682137,,UNMATCHED_IEEE,0,,ieee_scraped_20251026_123813.bib,
,694219,,UNMATCHED_IEEE,0,1093-9547,ieee_scraped_20251026_123813.bib,
,9361128,,UNMATCHED_IEEE,0,,ieee_scraped_20251026_123813.bib,
,10589985,,UNMATCHED_IEEE,0,,ieee_scraped_20251026_123813.bib,
,10278231,,UNMATCHED_IEEE,0,1557-9638,ieee_scraped_20251026_123813.bib,
,8450296,,UNMATCHED_IEEE,0,2376-6506,ieee_scraped_20251026_123813.bib,
,8693259,,UNMATCHED_IEEE,0,,ieee_scraped_20251026_123813.bib,
,8493952,,UNMATCHED_IEEE,0,,ieee_scraped_20251026_123813.bib,
,9741843,,UNMATCHED_IEEE,0,1557-9638,ieee_scraped_20251026_123813.bib,
,4281993,,UNMATCHED_IEEE,0,,ieee_scraped_20251026_123813.bib,
,10342931,,UNMATCHED_IEEE,0,2377-634x,ieee_scraped_20251026_123813.bib,
,10500041,,UNMATCHED_IEEE,0,1558-058x,ieee_scraped_20251026_123813.bib,
,8659268,,UNMATCHED_IEEE,0,2377-634x,ieee_scraped_20251026_123813.bib,
,9637310,,UNMATCHED_IEEE,0,2377-634x,ieee_scraped_20251026_123813.bib,
,7757408,,UNMATCHED_IEEE,0,,ieee_scraped_20251026_123813.bib,
,6926576,,UNMATCHED_IEEE,0,,ieee_scraped_20251026_123813.bib,
,7474681,,UNMATCHED_IEEE,0,2165-9567,ieee_scraped_20251026_123813.bib,
,9973071,,UNMATCHED_IEEE,0,,ieee_scraped_20251026_123813.bib,
,8567183,,UNMATCHED_IEEE,0,,ieee_scraped_20251026_123813.bib,
,10505460,,UNMATCHED_IEEE,0,2474-3828,ieee_scraped_20251026_123813.bib,
,8845503,,UNMATCHED_IEEE,0,2473-9464,ieee_scraped_20251026_123813.bib,
,9155874,,UNMATCHED_IEEE,0,2161-377x,ieee_scraped_20251026_123813.bib,
,9379266,,UNMATCHED_IEEE,0,,ieee_scraped_20251026_123813.bib,
,10892901,,UNMATCHED_IEEE,0,2377-634x,ieee_scraped_20251026_123813.bib,
,9028390,,UNMATCHED_IEEE,0,2377-634x,ieee_scraped_20251026_123813.bib,
,8433517,,UNMATCHED_IEEE,0,2161-377x,ieee_scraped_20251026_123813.bib,
,8712671,,UNMATCHED_IEEE,0,,ieee_scraped_20251026_123813.bib,
,9934274,,UNMATCHED_IEEE,0,,ieee_scraped_20251026_123813.bib,
,10435201,,UNMATCHED_IEEE,0,2770-4807,ieee_scraped_20251026_123813.bib,
,9920899,,UNMATCHED_IEEE,0,,ieee_scraped_20251026_123813.bib,
,11091993,,UNMATCHED_IEEE,0,,ieee_scraped_20251026_123813.bib,
,10107843,,UNMATCHED_IEEE,0,,ieee_scraped_20251026_123813.bib,
,5769498,,UNMATCHED_IEEE,0,,ieee_scraped_20251026_123813.bib,
,10975868,,UNMATCHED_IEEE,0,,ieee_scraped_20251026_123813.bib,
,7207372,,UNMATCHED_IEEE,0,,ieee_scraped_20251026_123813.bib,
,8259652,,UNMATCHED_IEEE,0,,ieee_scraped_20251026_123813.bib,
,9569423,,UNMATCHED_IEEE,0,2473-9464,ieee_scraped_20251026_123813.bib,
,9853800,,UNMATCHED_IEEE,0,2161-377x,ieee_scraped_20251026_123813.bib,
,9225911,,UNMATCHED_IEEE,0,2470-6698,ieee_scraped_20251026_123813.bib,
,9782386,,UNMATCHED_IEEE,0,,ieee_scraped_20251026_123813.bib,
,6986325,,UNMATCHED_IEEE,0,,ieee_scraped_20251026_123813.bib,
,8590099,,UNMATCHED_IEEE,0,,ieee_scraped_20251026_123813.bib,
,9920923,,UNMATCHED_IEEE,0,,ieee_scraped_20251026_123813.bib,
,9569311,,UNMATCHED_IEEE,0,2473-9464,ieee_scraped_20251026_123813.bib,
,8905149,,UNMATCHED_IEEE,0,2643-6175,ieee_scraped_20251026_123813.bib,
,11137078,,UNMATCHED_IEEE,0,,ieee_scraped_20251026_123813.bib,
,10260830,,UNMATCHED_IEEE,0,2161-377x,ieee_scraped_20251026_123813.bib,
,9867127,,UNMATCHED_IEEE,0,2766-2144,ieee_scraped_20251026_123813.bib,
,10343475,,UNMATCHED_IEEE,0,2377-634x,ieee_scraped_20251026_123813.bib,
,,10.1145/3720536,UNMATCHED_ACM,0,0001-0782,,acm_descargado_20251026_124108.bib
,,10.1145/3711896.3737870,UNMATCHED_ACM,0,9798400714542,,acm_descargado_20251026_124108.bib
,,10.1145/3706370.3731650,UNMATCHED_ACM,0,9798400713910,,acm_descargado_20251026_124108.bib
,,10.1145/3715070.3749257,UNMATCHED_ACM,0,9798400714801,,acm_descargado_20251026_124108.bib
,,10.1145/3726010.3726029,UNMATCHED_ACM,0,9798400712845,,acm_descargado_20251026_124108.bib
,,10.1145/3670243.3670781,UNMATCHED_ACM,0,9798400717093,,acm_descargado_20251026_124108.bib
,,10.5555/3712729.3712955,UNMATCHED_ACM,0,9798331534202,,acm_descargado_20251026_124108.bib
,,10.1145/3723420.3723428,UNMATCHED_ACM,0,9798400712876,,acm_descargado_20251026_124108.bib
,,10.1145/3711403.3711410,UNMATCHED_ACM,0,9798400717468,,acm_descargado_20251026_124108.bib
,,10.1145/3746469.3746486,UNMATCHED_ACM,0,9798400713811,,acm_descargado_20251026_124108.bib
,,10.1145/3636555.3636879,UNMATCHED_ACM,0,9798400716188,,acm_descargado_20251026_124108.bib
,,10.1145/3722237.3722379,UNMATCHED_ACM,0,9798400712692,,acm_descargado_20251026_124108.bib
,,10.1145/3702212.3702217,UNMATCHED_ACM,0,9798400711725,,acm_descargado_20251026_124108.bib
,,10.1145/3734921.3734931,UNMATCHED_ACM,0,9798400713460,,acm_descargado_20251026_124108.bib
,,10.1145/3711403.3711436,UNMATCHED_ACM,0,9798400717468,,acm_descargado_20251026_124108.bib
,,10.1145/3657054.3657129,UNMATCHED_ACM,0,9798400709883,,acm_descargado_20251026_124108.bib
,,10.1145/3746469.3746566,UNMATCHED_ACM,0,9798400713811,,acm_descargado_20251026_124108.bib
,,10.1145/3706599.3719696,UNMATCHED_ACM,0,9798400713958,,acm_descargado_20251026_124108.bib
,,10.1145/3734921,UNMATCHED_ACM,0,9798400713460,,acm_descargado_20251026_124108.bib
,,10.1145/3657054.3664243,UNMATCHED_ACM,0,9798400709883,,acm_descargado_20251026_124108.bib
,,10.1145/3597503.3649399,UNMATCHED_ACM,0,9798400702174,,acm_descargado_20251026_124108.bib
,,10.1145/3711403.3711454,UNMATCHED_ACM,0,9798400717468,,acm_descargado_20251026_124108.bib
,,10.1145/3704289.3704296,UNMATCHED_ACM,0,9798400716980,,acm_descargado_20251026_124108.bib
,,10.1145/3706598.3713348,UNMATCHED_ACM,0,9798400713941,,acm_descargado_20251026_124108.bib
,,10.1145/3691720.3691809,UNMATCHED_ACM,0,9798400710230,,acm_descargado_20251026_124108.bib
,,10.1145/3658321.3658367,UNMATCHED_ACM,0,9798400709968,,acm_descargado_20251026_124108.bib
,,10.1145/3734921.3734933,UNMATCHED_ACM,0,9798400713460,,acm_descargado_20251026_124108.bib
,,10.1145/3724504.3724537,UNMATCHED_ACM,0,9798400711732,,acm_descargado_20251026_124108.bib
,,10.1145/3731626.3689825,UNMATCHED_ACM,0,,,acm_descargado_20251026_124108.bib
,,10.1145/3728725,UNMATCHED_ACM,0,9798400713453,,acm_descargado_20251026_124108.bib
,,10.1145/3613904.3642114,UNMATCHED_ACM,0,9798400703300,,acm_descargado_20251026_124108.bib
,,10.1145/3671151.3671178,UNMATCHED_ACM,0,9798400718106,,acm_descargado_20251026_124108.bib
,,10.1145/3724504.3724526,UNMATCHED_ACM,0,9798400711732,,acm_descargado_20251026_124108.bib
,,10.1145/3711403.3711435,UNMATCHED_ACM,0,9798400717468,,acm_descargado_20251026_124108.bib
,,10.1145/3613904.3642824,UNMATCHED_ACM,0,9798400703300,,acm_descargado_20251026_124108.bib
,,10.1145/3745676.3745728,UNMATCHED_ACM,0,9798400715150,,acm_descargado_20251026_124108.bib
,,10.1145/3657604.3664720,UNMATCHED_ACM,0,9798400706332,,acm_descargado_20251026_124108.bib
,,10.1145/3686852.3687075,UNMATCHED_ACM,0,9798400711060,,acm_descargado_20251026_124108.bib
,,10.1145/3711403.3711453,UNMATCHED_ACM,0,9798400717468,,acm_descargado_20251026_124108.bib
,,10.1145/3757927,UNMATCHED_ACM,0,2157-6904,,acm_descargado_20251026_124108.bib
,,10.1145/3657604.3662029,UNMATCHED_ACM,0,9798400706332,,acm_descargado_20251026_124108.bib
,,10.1145/3726010.3726089,UNMATCHED_ACM,0,9798400712845,,acm_descargado_20251026_124108.bib
,,10.1145/3711403.3711425,UNMATCHED_ACM,0,9798400717468,,acm_descargado_20251026_124108.bib
,,10.1145/3708036.3708151,UNMATCHED_ACM,0,9798400709999,,acm_descargado_20251026_124108.bib
,,10.1145/3745238.3745312,UNMATCHED_ACM,0,9798400712791,,acm_descargado_20251026_124108.bib
,,10.1145/3711403.3711457,UNMATCHED_ACM,0,9798400717468,,acm_descargado_20251026_124108.bib
,,10.1145/3703459,UNMATCHED_ACM,0,,,acm_descargado_20251026_124108.bib
,,10.1145/3672608.3707817,UNMATCHED_ACM,0,9798400706295,,acm_descargado_20251026_124108.bib
,,10.1145/3708597.3708606,UNMATCHED_ACM,0,9798400718304,,acm_descargado_20251026_124108.bib
,,10.1145/3720536,UNMATCHED_ACM,0,0001-0782,,acm_completo_20251026_125433.bib
,,10.1145/3711896.3737870,UNMATCHED_ACM,0,9798400714542,,acm_completo_20251026_125433.bib
,,10.1145/3706370.3731650,UNMATCHED_ACM,0,9798400713910,,acm_completo_20251026_125433.bib
,,10.1145/3715070.3749257,UNMATCHED_ACM,0,9798400714801,,acm_completo_20251026_125433.bib
,,10.1145/3726010.3726029,UNMATCHED_ACM,0,9798400712845,,acm_completo_20251026_125433.bib
,,10.1145/3670243.3670781,UNMATCHED_ACM,0,9798400717093,,acm_completo_20251026_125433.bib
,,10.5555/3712729.3712955,UNMATCHED_ACM,0,9798331534202,,acm_completo_20251026_125433.bib
,,10.1145/3711403.3711410,UNMATCHED_ACM,0,9798400717468,,acm_completo_20251026_125433.bib
,,10.1145/3723420.3723428,UNMATCHED_ACM,0,9798400712876,,acm_completo_20251026_125433.bib
,,10.1145/3746469.3746486,UNMATCHED_ACM,0,9798400713811,,acm_completo_20251026_125433.bib
,,10.1145/3636555.3636879,UNMATCHED_ACM,0,9798400716188,,acm_completo_20251026_125433.bib
,,10.1145/3722237.3722379,UNMATCHED_ACM,0,9798400712692,,acm_completo_20251026_125433.bib
,,10.1145/3702212.3702217,UNMATCHED_ACM,0,9798400711725,,acm_completo_20251026_125433.bib
,,10.1145/3711403.3711436,UNMATCHED_ACM,0,9798400717468,,acm_completo_20251026_125433.bib
,,10.1145/3734921.3734931,UNMATCHED_ACM,0,9798400713460,,acm_completo_20251026_125433.bib
,,10.1145/3657054.3657129,UNMATCHED_ACM,0,9798400709883,,acm_completo_20251026_125433.bib
,,10.1145/3746469.3746566,UNMATCHED_ACM,0,9798400713811,,acm_completo_20251026_125433.bib
,,10.1145/3706599.3719696,UNMATCHED_ACM,0,9798400713958,,acm_completo_20251026_125433.bib
,,10.1145/3597503.3649399,UNMATCHED_ACM,0,9798400702174,,acm_completo_20251026_125433.bib
,,10.1145/3734921,UNMATCHED_ACM,0,9798400713460,,acm_completo_20251026_125433.bib
,,10.1145/3657054.3664243,UNMATCHED_ACM,0,9798400709883,,acm_completo_20251026_125433.bib
,,10.1145/3711403.3711454,UNMATCHED_ACM,0,9798400717468,,acm_completo_20251026_125433.bib
,,10.1145/3704289.3704296,UNMATCHED_ACM,0,9798400716980,,acm_completo_20251026_125433.bib
,,10.1145/3706598.3713348,UNMATCHED_ACM,0,9798400713941,,acm_completo_20251026_125433.bib
,,10.1145/3691720.3691809,UNMATCHED_ACM,0,9798400710230,,acm_completo_20251026_125433.bib
,,10.1145/3658321.3658367,UNMATCHED_ACM,0,9798400709968,,acm_completo_20251026_125433.bib
,,10.1145/3734921.3734933,UNMATCHED_ACM,0,9798400713460,,acm_completo_20251026_125433.bib
,,10.1145/3724504.3724537,UNMATCHED_ACM,0,9798400711732,,acm_completo_20251026_125433.bib
,,10.1145/3731626.3689825,UNMATCHED_ACM,0,,,acm_completo_20251026_125433.bib
,,10.1145/3728725,UNMATCHED_ACM,0,9798400713453,,acm_completo_20251026_125433.bib
,,10.1145/3613904.3642114,UNMATCHED_ACM,0,9798400703300,,acm_completo_20251026_125433.bib
,,10.1145/3671151.3671178,UNMATCHED_ACM,0,9798400718106,,acm_completo_20251026_125433.bib
,,10.1145/3724504.3724526,UNMATCHED_ACM,0,9798400711732,,acm_completo_20251026_125433.bib
,,10.1145/3711403.3711435,UNMATCHED_ACM,0,9798400717468,,acm_completo_20251026_125433.bib
,,10.1145/3745676.3745728,UNMATCHED_ACM,0,9798400715150,,acm_completo_20251026_125433.bib
,,10.1145/3613904.3642824,UNMATCHED_ACM,0,9798400703300,,acm_completo_20251026_125433.bib
,,10.1145/3711403.3711453,UNMATCHED_ACM,0,9798400717468,,acm_completo_20251026_125433.bib
,,10.1145/3657604.3664720,UNMATCHED_ACM,0,9798400706332,,acm_completo_20251026_125433.bib
,,10.1145/3686852.3687075,UNMATCHED_ACM,0,9798400711060,,acm_completo_20251026_125433.bib
,,10.1145/3757927,UNMATCHED_ACM,0,2157-6904,,acm_completo_20251026_125433.bib
,,10.1145/3657604.3662029,UNMATCHED_ACM,0,9798400706332,,acm_completo_20251026_125433.bib
,,10.1145/3726010.3726089,UNMATCHED_ACM,0,9798400712845,,acm_completo_20251026_125433.bib
,,10.1145/3711403.3711425,UNMATCHED_ACM,0,9798400717468,,acm_completo_20251026_125433.bib
,,10.1145/3708036.3708151,UNMATCHED_ACM,0,9798400709999,,acm_completo_20251026_125433.bib
,,10.1145/3703459,UNMATCHED_ACM,0,,,acm_completo_20251026_125433.bib
,,10.1145/3745238.3745312,UNMATCHED_ACM,0,9798400712791,,acm_completo_20251026_125433.bib
,,10.1145/3711403.3711457,UNMATCHED_ACM,0,9798400717468,,acm_completo_20251026_125433.bib
,,10.1145/3672608.3707817,UNMATCHED_ACM,0,9798400706295,,acm_completo_20251026_125433.bib
,,10.1145/3708597.3708606,UNMATCHED_ACM,0,9798400718304,,acm_completo_20251026_125433.bib
,,10.1145/3597638.3614548,UNMATCHED_ACM,0,9798400702204,,acm_completo_20251026_125433.bib
,,10.1145/3665348,UNMATCHED_ACM,0,9798400709562,,acm_completo_20251026_125433.bib
,,10.1145/3723890.3723902,UNMATCHED_ACM,0,9798400712623,,acm_completo_20251026_125433.bib
,,10.1145/3722237.3722377,UNMATCHED_ACM,0,9798400712692,,acm_completo_20251026_125433.bib
,,10.1145/3678726.3678778,UNMATCHED_ACM,0,9798400717611,,acm_completo_20251026_125433.bib
,,10.1145/3724504.3724511,UNMATCHED_ACM,0,9798400711732,,acm_completo_20251026_125433.bib
,,10.1145/3672608.3707764,UNMATCHED_ACM,0,9798400706295,,acm_completo_20251026_125433.bib
,,10.1145/3658271.3658337,UNMATCHED_ACM,0,9798400709968,,acm_completo_20251026_125433.bib
,,10.1145/3678392.3678405,UNMATCHED_ACM,0,9798400717123,,acm_completo_20251026_125433.bib
,,10.1145/3690391,UNMATCHED_ACM,0,1556-4673,,acm_completo_20251026_125433.bib
,,10.1145/3704289.3704293,UNMATCHED_ACM,0,9798400716980,,acm_completo_20251026_125433.bib
,,10.1145/3641555.3705061,UNMATCHED_ACM,0,9798400705328,,acm_completo_20251026_125433.bib
,,10.1145/3657054.3659122,UNMATCHED_ACM,0,9798400709883,,acm_completo_20251026_125433.bib
,,10.1145/3706468.3706559,UNMATCHED_ACM,0,9798400707018,,acm_completo_20251026_125433.bib
,,10.1145/3732801.3732821,UNMATCHED_ACM,0,9798400712432,,acm_completo_20251026_125433.bib
,,10.1145/3756580.3756623,UNMATCHED_ACM,0,9798400715624,,acm_completo_20251026_125433.bib
,,10.1145/3722237.3722399,UNMATCHED_ACM,0,9798400712692,,acm_completo_20251026_125433.bib
,,10.1145/3568812.3603469,UNMATCHED_ACM,0,9781450399753,,acm_completo_20251026_125433.bib
,,10.1145/3756580.3756652,UNMATCHED_ACM,0,9798400715624,,acm_completo_20251026_125433.bib
,,10.1145/3670740,UNMATCHED_ACM,0,9798400709883,,acm_completo_20251026_125433.bib
,,10.1145/3745238.3745511,UNMATCHED_ACM,0,9798400712791,,acm_completo_20251026_125433.bib
,,10.1145/3613904.3642899,UNMATCHED_ACM,0,9798400703300,,acm_completo_20251026_125433.bib
,,10.1145/3700297.3700354,UNMATCHED_ACM,0,9798400707100,,acm_completo_20251026_125433.bib
,,10.1145/3700297.3700308,UNMATCHED_ACM,0,9798400707100,,acm_completo_20251026_125433.bib
,,10.1145/3636555.3636856,UNMATCHED_ACM,0,9798400716188,,acm_completo_20251026_125433.bib
,,10.1145/3722237.3722258,UNMATCHED_ACM,0,9798400712692,,acm_completo_20251026_125433.bib
,,10.1145/3649217.3653575,UNMATCHED_ACM,0,9798400706004,,acm_completo_20251026_125433.bib
,,10.1145/3696500.3696575,UNMATCHED_ACM,0,9798400710278,,acm_completo_20251026_125433.bib
,,10.1145/3675812.3675870,UNMATCHED_ACM,0,9798400716805,,acm_completo_20251026_125433.bib
,,10.1145/3626252.3630938,UNMATCHED_ACM,0,9798400704239,,acm_completo_20251026_125433.bib
,,10.1145/3660043.3660178,UNMATCHED_ACM,0,9798400716157,,acm_completo_20251026_125433.bib
,,10.1145/3687311.3687415,UNMATCHED_ACM,0,9798400709920,,acm_completo_20251026_125433.bib
,,10.1145/3756580.3756627,UNMATCHED_ACM,0,9798400715624,,acm_completo_20251026_125433.bib
,,10.1145/3531146.3533077,UNMATCHED_ACM,0,9781450393522,,acm_completo_20251026_125433.bib
,,10.1145/3689433,UNMATCHED_ACM,0,1073-0516,,acm_completo_20251026_125433.bib
,,10.1145/3700297.3700395,UNMATCHED_ACM,0,9798400707100,,acm_completo_20251026_125433.bib
,,10.1145/3626253.3635427,UNMATCHED_ACM,0,9798400704246,,acm_completo_20251026_125433.bib
,,10.1145/3711403.3711408,UNMATCHED_ACM,0,9798400717468,,acm_completo_20251026_125433.bib
,,10.1145/3696117.3696123,UNMATCHED_ACM,0,0163-5948,,acm_completo_20251026_125433.bib
,,10.1145/3706598.3714121,UNMATCHED_ACM,0,9798400713941,,acm_completo_20251026_125433.bib
,,10.1145/3726010.3726032,UNMATCHED_ACM,0,9798400712845,,acm_completo_20251026_125433.bib
,,10.1145/3691720.3691768,UNMATCHED_ACM,0,9798400710230,,acm_completo_20251026_125433.bib
,,10.1145/3691016.3691035,UNMATCHED_ACM,0,9798400710285,,acm_completo_20251026_125433.bib
,,10.1145/3757749.3757817,UNMATCHED_ACM,0,9798400713347,,acm_completo_20251026_125433.bib
,,10.1145/3675417.3675574,UNMATCHED_ACM,0,9798400717147,,acm_completo_20251026_125433.bib
,,10.1145/3675417.3675461,UNMATCHED_ACM,0,9798400717147,,acm_completo_20251026_125433.bib
,,10.1145/3729605.3729611,UNMATCHED_ACM,0,9798400714405,,acm_completo_20251026_125433.bib
,,10.1145/3637907.3637947,UNMATCHED_ACM,0,9798400716676,,acm_completo_20251026_125433.bib
,,10.1145/3661167.3661177,UNMATCHED_ACM,0,9798400717017,,acm_completo_20251026_125433.bib
,,10.1145/3686081.3686126,UNMATCHED_ACM,0,9798400718151,,acm_completo_20251026_125433.bib
,,10.1145/3660043.3660174,UNMATCHED_ACM,0,9798400716157,,acm_completo_20251026_125433.bib
,,10.1145/3675417.3675453,UNMATCHED_ACM,0,9798400717147,,acm_completo_20251026_125433.bib
,,10.1145/3728725.3728763,UNMATCHED_ACM,0,9798400713453,,acm_completo_20251026_125433.bib
,,10.1145/3734921.3734944,UNMATCHED_ACM,0,9798400713460,,acm_completo_20251026_125433.bib
,,10.1145/3711670.3764655,UNMATCHED_ACM,0,9798400714443,,acm_completo_20251026_125433.bib
,,10.1145/3691422.3691471,UNMATCHED_ACM,0,9798400717260,,acm_completo_20251026_125433.bib
,,10.1145/3708394.3708425,UNMATCHED_ACM,0,9798400710650,,acm_completo_20251026_125433.bib
,,10.1145/3744367.3744395,UNMATCHED_ACM,0,9798400715068,,acm_completo_20251026_125433.bib
,,10.1145/3746469.3746516,UNMATCHED_ACM,0,9798400713811,,acm_completo_20251026_125433.bib
,,10.1145/3689535.3689553,UNMATCHED_ACM,0,9798400711770,,acm_completo_20251026_125433.bib
,,10.1145/3656650.3656733,UNMATCHED_ACM,0,9798400717642,,acm_completo_20251026_125433.bib
,,10.1145/3745238.3745456,UNMATCHED_ACM,0,9798400712791,,acm_completo_20251026_125433.bib
,,10.1145/3749012.3749052,UNMATCHED_ACM,0,9798400715617,,acm_completo_20251026_125433.bib
,,10.1145/3734921.3734926,UNMATCHED_ACM,0,9798400713460,,acm_completo_20251026_125433.bib
,,10.1145/3734921.3734923,UNMATCHED_ACM,0,9798400713460,,acm_completo_20251026_125433.bib
,,10.1145/3641825.3689685,UNMATCHED_ACM,0,9798400705359,,acm_completo_20251026_125433.bib
,,10.1145/3706599.3719972,UNMATCHED_ACM,0,9798400713958,,acm_completo_20251026_125433.bib
,,10.1145/3745238.3745524,UNMATCHED_ACM,0,9798400712791,,acm_completo_20251026_125433.bib
,,10.1145/3724389.3731266,UNMATCHED_ACM,0,9798400715693,,acm_completo_20251026_125433.bib
,,10.1145/3734921.3734942,UNMATCHED_ACM,0,9798400713460,,acm_completo_20251026_125433.bib
,,10.1145/3729706.3729807,UNMATCHED_ACM,0,9798400712715,,acm_completo_20251026_125433.bib
,,10.1613/jair.1.17175,UNMATCHED_ACM,0,1076-9757,,acm_completo_20251026_125433.bib
,,10.1145/3605390.3610821,UNMATCHED_ACM,0,9798400708060,,acm_completo_20251026_125433.bib
,,10.1145/3641554.3701853,UNMATCHED_ACM,0,9798400705311,,acm_completo_20251026_125433.bib
,,10.1145/3698061.3726959,UNMATCHED_ACM,0,9798400712890,,acm_completo_20251026_125433.bib
,,10.1145/3722547,UNMATCHED_ACM,0,0001-0782,,acm_completo_20251026_125433.bib
,,10.1145/3716489.3728432,UNMATCHED_ACM,0,9798400714979,,acm_completo_20251026_125433.bib
,,10.1145/3638567,UNMATCHED_ACM,0,0001-0782,,acm_completo_20251026_125433.bib
,,10.1145/3678884.3681897,UNMATCHED_ACM,0,9798400711145,,acm_completo_20251026_125433.bib
,,10.1145/3708319.3733669,UNMATCHED_ACM,0,9798400713996,,acm_completo_20251026_125433.bib
,,10.1145/3636555.3636866,UNMATCHED_ACM,0,9798400716188,,acm_completo_20251026_125433.bib
,,10.1145/3734921.3734945,UNMATCHED_ACM,0,9798400713460,,acm_completo_20251026_125433.bib
,,10.1145/3696630.3728723,UNMATCHED_ACM,0,9798400712760,,acm_completo_20251026_125433.bib
,,10.1145/3665463.3678856,UNMATCHED_ACM,0,9798400706929,,acm_completo_20251026_125433.bib
,,10.1145/3734921.3734943,UNMATCHED_ACM,0,9798400713460,,acm_completo_20251026_125433.bib
,,10.1145/3654699,UNMATCHED_ACM,0,0001-0782,,acm_completo_20251026_125433.bib
,,10.1145/3719006,UNMATCHED_ACM,0,1049-331x,,acm_completo_20251026_125433.bib
,,10.1145/3732797,UNMATCHED_ACM,0,0001-0782,,acm_completo_20251026_125433.bib
,,10.1145/3641554.3701785,UNMATCHED_ACM,0,9798400705311,,acm_completo_20251026_125433.bib
,,10.1145/3648188.3675120,UNMATCHED_ACM,0,9798400705953,,acm_completo_20251026_125433.bib
,,10.1145/3711670.3764640,UNMATCHED_ACM,0,9798400714443,,acm_completo_20251026_125433.bib
,,10.1145/3700297.3700315,UNMATCHED_ACM,0,9798400707100,,acm_completo_20251026_125433.bib
,,10.1145/3726010.3726014,UNMATCHED_ACM,0,9798400712845,,acm_completo_20251026_125433.bib
,,10.1145/3686169.3686172,UNMATCHED_ACM,0,9798400710421,,acm_completo_20251026_125433.bib
,,10.1145/3729434.3729456,UNMATCHED_ACM,0,9798400712630,,acm_completo_20251026_125433.bib
,,10.1145/3716640.3716658,UNMATCHED_ACM,0,9798400714252,,acm_completo_20251026_125433.bib
,,10.1145/3639856.3639893,UNMATCHED_ACM,0,9798400716492,,acm_completo_20251026_125433.bib
,,10.1145/3711403.3711452,UNMATCHED_ACM,0,9798400717468,,acm_completo_20251026_125433.bib
,,10.1145/3709026.3709100,UNMATCHED_ACM,0,9798400718182,,acm_completo_20251026_125433.bib
,,10.1145/3641237.3691669,UNMATCHED_ACM,0,9798400705199,,acm_completo_20251026_125433.bib
,,10.1145/3706101,UNMATCHED_ACM,0,0001-0782,,acm_completo_20251026_125433.bib
,,10.1145/3658549.3658566,UNMATCHED_ACM,0,9798400709180,,acm_completo_20251026_125433.bib
,,10.1145/3632634.3655888,UNMATCHED_ACM,0,9798400704772,,acm_completo_20251026_125433.bib
,,10.1145/3742939.3742946,UNMATCHED_ACM,0,1094-3641,,acm_completo_20251026_125433.bib
,,10.1145/3759275.3759292,UNMATCHED_ACM,0,9798400719554,,acm_completo_20251026_125433.bib
,,10.1145/3641237.3691672,UNMATCHED_ACM,0,9798400705199,,acm_completo_20251026_125433.bib
,,10.1145/3685680,UNMATCHED_ACM,0,,,acm_completo_20251026_125433.bib
,,10.1145/3701534,UNMATCHED_ACM,0,0001-0782,,acm_completo_20251026_125433.bib
,,10.1145/3722449.3722466,UNMATCHED_ACM,0,0163-5840,,acm_completo_20251026_125433.bib
,,10.1145/3746469.3746555,UNMATCHED_ACM,0,9798400713811,,acm_completo_20251026_125433.bib
,,10.1145/3715336.3735808,UNMATCHED_ACM,0,9798400714856,,acm_completo_20251026_125433.bib
,,10.1145/3674844,UNMATCHED_ACM,0,,,acm_completo_20251026_125433.bib
,,10.1145/3734921.3734932,UNMATCHED_ACM,0,9798400713460,,acm_completo_20251026_125433.bib
,,10.1145/3732775.3733572,UNMATCHED_ACM,0,9798400718861,,acm_completo_20251026_125433.bib
,,10.1145/3734921.3734939,UNMATCHED_ACM,0,9798400713460,,acm_completo_20251026_125433.bib
,,10.1145/3706599.3719841,UNMATCHED_ACM,0,9798400713958,,acm_completo_20251026_125433.bib
,,10.1145/3744367.3744408,UNMATCHED_ACM,0,9798400715068,,acm_completo_20251026_125433.bib
,,10.1145/3724504.3724622,UNMATCHED_ACM,0,9798400711732,,acm_completo_20251026_125433.bib
,,10.1145/3665348.3665359,UNMATCHED_ACM,0,9798400709562,,acm_completo_20251026_125433.bib
,,10.1145/3728725.3728753,UNMATCHED_ACM,0,9798400713453,,acm_completo_20251026_125433.bib
,,10.1145/3696630.3731469,UNMATCHED_ACM,0,9798400712760,,acm_completo_20251026_125433.bib
,,10.1145/3756423.3756574,UNMATCHED_ACM,0,9798400714351,,acm_completo_20251026_125433.bib
,,10.1145/3689492.3690050,UNMATCHED_ACM,0,9798400712159,,acm_completo_20251026_125433.bib
,,10.1145/3665348.3665418,UNMATCHED_ACM,0,9798400709562,,acm_completo_20251026_125433.bib
,,10.1145/3627673.3679087,UNMATCHED_ACM,0,9798400704369,,acm_completo_20251026_125433.bib
,,10.1145/3728725.3728757,UNMATCHED_ACM,0,9798400713453,,acm_completo_20251026_125433.bib
